118.1 700 1 700 799
118.1 800 37 738 800
118.2 650 49 732 801
118.2 850 73 757 802
119.2 700 109 718 803
119.1 800 145 742 804
119.1 800 157 760 805
119.2 700 181 756 806
120.1 750 193 725 807
120.1 700 217 733 808
119.9 900 241 760 809
119.9 850 253 760 810
120 900 277 757 811
121.1 700 301 724 812
121.1 600 325 730 813
121 800 337 757 814
121 800 361 730 815
121 850 397 715 816
121 800 409 674 817
122 700 1 734 818
122.3 625 37 743 819
122.2 800 61 753 820
122.1 600 97 720 821
123.2 550 97 645 822
123.3 250 109 625 823
123.2 400 145 666 824
123.3 500 157 664 825
123.2 700 181 664 826
123.2 750 193 672 827
123.2 950 217 618 828
123.1 1050 241 579 829